@c000
00 01 00 01 00 01 00 01 00 01 00 01 00 01 00 01 
00 01 00 01 00 01 00 01 00 01 00 01 00 01 01 00 
00 01 00 01 00 01 00 01 00 01 00 01 01 00 00 01 
00 01 00 01 00 01 00 01 00 01 00 01 01 00 01 00 
00 01 00 01 00 01 00 01 00 01 01 00 00 01 00 01 
00 01 00 01 00 01 00 01 00 01 01 00 00 01 01 00 
00 01 00 01 00 01 00 01 00 01 01 00 01 00 00 01 
00 01 00 01 00 01 00 01 00 01 01 00 01 00 01 00 
00 01 00 01 00 01 00 01 01 00 00 01 00 01 00 01 
00 01 00 01 00 01 00 01 01 00 00 01 00 01 01 00 
00 01 00 01 00 01 00 01 01 00 00 01 01 00 00 01 
00 01 00 01 00 01 00 01 01 00 00 01 01 00 01 00 
00 01 00 01 00 01 00 01 01 00 01 00 00 01 00 01 
00 01 00 01 00 01 00 01 01 00 01 00 00 01 01 00 
00 01 00 01 00 01 00 01 01 00 01 00 01 00 00 01 
00 01 00 01 00 01 00 01 01 00 01 00 01 00 01 00 
00 01 00 01 00 01 01 00 00 01 00 01 00 01 00 01 
00 01 00 01 00 01 01 00 00 01 00 01 00 01 01 00 
00 01 00 01 00 01 01 00 00 01 00 01 01 00 00 01 
00 01 00 01 00 01 01 00 00 01 00 01 01 00 01 00 
00 01 00 01 00 01 01 00 00 01 01 00 00 01 00 01 
00 01 00 01 00 01 01 00 00 01 01 00 00 01 01 00 
00 01 00 01 00 01 01 00 00 01 01 00 01 00 00 01 
00 01 00 01 00 01 01 00 00 01 01 00 01 00 01 00 
00 01 00 01 00 01 01 00 01 00 00 01 00 01 00 01 
00 01 00 01 00 01 01 00 01 00 00 01 00 01 01 00 
00 01 00 01 00 01 01 00 01 00 00 01 01 00 00 01 
00 01 00 01 00 01 01 00 01 00 00 01 01 00 01 00 
00 01 00 01 00 01 01 00 01 00 01 00 00 01 00 01 
00 01 00 01 00 01 01 00 01 00 01 00 00 01 01 00 
00 01 00 01 00 01 01 00 01 00 01 00 01 00 00 01 
00 01 00 01 00 01 01 00 01 00 01 00 01 00 01 00 
00 01 00 01 01 00 00 01 00 01 00 01 00 01 00 01 
00 01 00 01 01 00 00 01 00 01 00 01 00 01 01 00 
00 01 00 01 01 00 00 01 00 01 00 01 01 00 00 01 
00 01 00 01 01 00 00 01 00 01 00 01 01 00 01 00 
00 01 00 01 01 00 00 01 00 01 01 00 00 01 00 01 
00 01 00 01 01 00 00 01 00 01 01 00 00 01 01 00 
00 01 00 01 01 00 00 01 00 01 01 00 01 00 00 01 
00 01 00 01 01 00 00 01 00 01 01 00 01 00 01 00 
00 01 00 01 01 00 00 01 01 00 00 01 00 01 00 01 
00 01 00 01 01 00 00 01 01 00 00 01 00 01 01 00 
00 01 00 01 01 00 00 01 01 00 00 01 01 00 00 01 
00 01 00 01 01 00 00 01 01 00 00 01 01 00 01 00 
00 01 00 01 01 00 00 01 01 00 01 00 00 01 00 01 
00 01 00 01 01 00 00 01 01 00 01 00 00 01 01 00 
00 01 00 01 01 00 00 01 01 00 01 00 01 00 00 01 
00 01 00 01 01 00 00 01 01 00 01 00 01 00 01 00 
00 01 00 01 01 00 01 00 00 01 00 01 00 01 00 01 
00 01 00 01 01 00 01 00 00 01 00 01 00 01 01 00 
00 01 00 01 01 00 01 00 00 01 00 01 01 00 00 01 
00 01 00 01 01 00 01 00 00 01 00 01 01 00 01 00 
00 01 00 01 01 00 01 00 00 01 01 00 00 01 00 01 
00 01 00 01 01 00 01 00 00 01 01 00 00 01 01 00 
00 01 00 01 01 00 01 00 00 01 01 00 01 00 00 01 
00 01 00 01 01 00 01 00 00 01 01 00 01 00 01 00 
00 01 00 01 01 00 01 00 01 00 00 01 00 01 00 01 
00 01 00 01 01 00 01 00 01 00 00 01 00 01 01 00 
00 01 00 01 01 00 01 00 01 00 00 01 01 00 00 01 
00 01 00 01 01 00 01 00 01 00 00 01 01 00 01 00 
00 01 00 01 01 00 01 00 01 00 01 00 00 01 00 01 
00 01 00 01 01 00 01 00 01 00 01 00 00 01 01 00 
00 01 00 01 01 00 01 00 01 00 01 00 01 00 00 01 
00 01 00 01 01 00 01 00 01 00 01 00 01 00 01 00 
00 01 01 00 00 01 00 01 00 01 00 01 00 01 00 01 
00 01 01 00 00 01 00 01 00 01 00 01 00 01 01 00 
00 01 01 00 00 01 00 01 00 01 00 01 01 00 00 01 
00 01 01 00 00 01 00 01 00 01 00 01 01 00 01 00 
00 01 01 00 00 01 00 01 00 01 01 00 00 01 00 01 
00 01 01 00 00 01 00 01 00 01 01 00 00 01 01 00 
00 01 01 00 00 01 00 01 00 01 01 00 01 00 00 01 
00 01 01 00 00 01 00 01 00 01 01 00 01 00 01 00 
00 01 01 00 00 01 00 01 01 00 00 01 00 01 00 01 
00 01 01 00 00 01 00 01 01 00 00 01 00 01 01 00 
00 01 01 00 00 01 00 01 01 00 00 01 01 00 00 01 
00 01 01 00 00 01 00 01 01 00 00 01 01 00 01 00 
00 01 01 00 00 01 00 01 01 00 01 00 00 01 00 01 
00 01 01 00 00 01 00 01 01 00 01 00 00 01 01 00 
00 01 01 00 00 01 00 01 01 00 01 00 01 00 00 01 
00 01 01 00 00 01 00 01 01 00 01 00 01 00 01 00 
00 01 01 00 00 01 01 00 00 01 00 01 00 01 00 01 
00 01 01 00 00 01 01 00 00 01 00 01 00 01 01 00 
00 01 01 00 00 01 01 00 00 01 00 01 01 00 00 01 
00 01 01 00 00 01 01 00 00 01 00 01 01 00 01 00 
00 01 01 00 00 01 01 00 00 01 01 00 00 01 00 01 
00 01 01 00 00 01 01 00 00 01 01 00 00 01 01 00 
00 01 01 00 00 01 01 00 00 01 01 00 01 00 00 01 
00 01 01 00 00 01 01 00 00 01 01 00 01 00 01 00 
00 01 01 00 00 01 01 00 01 00 00 01 00 01 00 01 
00 01 01 00 00 01 01 00 01 00 00 01 00 01 01 00 
00 01 01 00 00 01 01 00 01 00 00 01 01 00 00 01 
00 01 01 00 00 01 01 00 01 00 00 01 01 00 01 00 
00 01 01 00 00 01 01 00 01 00 01 00 00 01 00 01 
00 01 01 00 00 01 01 00 01 00 01 00 00 01 01 00 
00 01 01 00 00 01 01 00 01 00 01 00 01 00 00 01 
00 01 01 00 00 01 01 00 01 00 01 00 01 00 01 00 
00 01 01 00 01 00 00 01 00 01 00 01 00 01 00 01 
00 01 01 00 01 00 00 01 00 01 00 01 00 01 01 00 
00 01 01 00 01 00 00 01 00 01 00 01 01 00 00 01 
00 01 01 00 01 00 00 01 00 01 00 01 01 00 01 00 
00 01 01 00 01 00 00 01 00 01 01 00 00 01 00 01 
00 01 01 00 01 00 00 01 00 01 01 00 00 01 01 00 
00 01 01 00 01 00 00 01 00 01 01 00 01 00 00 01 
00 01 01 00 01 00 00 01 00 01 01 00 01 00 01 00 
00 01 01 00 01 00 00 01 01 00 00 01 00 01 00 01 
00 01 01 00 01 00 00 01 01 00 00 01 00 01 01 00 
00 01 01 00 01 00 00 01 01 00 00 01 01 00 00 01 
00 01 01 00 01 00 00 01 01 00 00 01 01 00 01 00 
00 01 01 00 01 00 00 01 01 00 01 00 00 01 00 01 
00 01 01 00 01 00 00 01 01 00 01 00 00 01 01 00 
00 01 01 00 01 00 00 01 01 00 01 00 01 00 00 01 
00 01 01 00 01 00 00 01 01 00 01 00 01 00 01 00 
00 01 01 00 01 00 01 00 00 01 00 01 00 01 00 01 
00 01 01 00 01 00 01 00 00 01 00 01 00 01 01 00 
00 01 01 00 01 00 01 00 00 01 00 01 01 00 00 01 
00 01 01 00 01 00 01 00 00 01 00 01 01 00 01 00 
00 01 01 00 01 00 01 00 00 01 01 00 00 01 00 01 
00 01 01 00 01 00 01 00 00 01 01 00 00 01 01 00 
00 01 01 00 01 00 01 00 00 01 01 00 01 00 00 01 
00 01 01 00 01 00 01 00 00 01 01 00 01 00 01 00 
00 01 01 00 01 00 01 00 01 00 00 01 00 01 00 01 
00 01 01 00 01 00 01 00 01 00 00 01 00 01 01 00 
00 01 01 00 01 00 01 00 01 00 00 01 01 00 00 01 
00 01 01 00 01 00 01 00 01 00 00 01 01 00 01 00 
00 01 01 00 01 00 01 00 01 00 01 00 00 01 00 01 
00 01 01 00 01 00 01 00 01 00 01 00 00 01 01 00 
00 01 01 00 01 00 01 00 01 00 01 00 01 00 00 01 
00 01 01 00 01 00 01 00 01 00 01 00 01 00 01 00 
01 00 00 01 00 01 00 01 00 01 00 01 00 01 00 01 
01 00 00 01 00 01 00 01 00 01 00 01 00 01 01 00 
01 00 00 01 00 01 00 01 00 01 00 01 01 00 00 01 
01 00 00 01 00 01 00 01 00 01 00 01 01 00 01 00 
01 00 00 01 00 01 00 01 00 01 01 00 00 01 00 01 
01 00 00 01 00 01 00 01 00 01 01 00 00 01 01 00 
01 00 00 01 00 01 00 01 00 01 01 00 01 00 00 01 
01 00 00 01 00 01 00 01 00 01 01 00 01 00 01 00 
01 00 00 01 00 01 00 01 01 00 00 01 00 01 00 01 
01 00 00 01 00 01 00 01 01 00 00 01 00 01 01 00 
01 00 00 01 00 01 00 01 01 00 00 01 01 00 00 01 
01 00 00 01 00 01 00 01 01 00 00 01 01 00 01 00 
01 00 00 01 00 01 00 01 01 00 01 00 00 01 00 01 
01 00 00 01 00 01 00 01 01 00 01 00 00 01 01 00 
01 00 00 01 00 01 00 01 01 00 01 00 01 00 00 01 
01 00 00 01 00 01 00 01 01 00 01 00 01 00 01 00 
01 00 00 01 00 01 01 00 00 01 00 01 00 01 00 01 
01 00 00 01 00 01 01 00 00 01 00 01 00 01 01 00 
01 00 00 01 00 01 01 00 00 01 00 01 01 00 00 01 
01 00 00 01 00 01 01 00 00 01 00 01 01 00 01 00 
01 00 00 01 00 01 01 00 00 01 01 00 00 01 00 01 
01 00 00 01 00 01 01 00 00 01 01 00 00 01 01 00 
01 00 00 01 00 01 01 00 00 01 01 00 01 00 00 01 
01 00 00 01 00 01 01 00 00 01 01 00 01 00 01 00 
01 00 00 01 00 01 01 00 01 00 00 01 00 01 00 01 
01 00 00 01 00 01 01 00 01 00 00 01 00 01 01 00 
01 00 00 01 00 01 01 00 01 00 00 01 01 00 00 01 
01 00 00 01 00 01 01 00 01 00 00 01 01 00 01 00 
01 00 00 01 00 01 01 00 01 00 01 00 00 01 00 01 
01 00 00 01 00 01 01 00 01 00 01 00 00 01 01 00 
01 00 00 01 00 01 01 00 01 00 01 00 01 00 00 01 
01 00 00 01 00 01 01 00 01 00 01 00 01 00 01 00 
01 00 00 01 01 00 00 01 00 01 00 01 00 01 00 01 
01 00 00 01 01 00 00 01 00 01 00 01 00 01 01 00 
01 00 00 01 01 00 00 01 00 01 00 01 01 00 00 01 
01 00 00 01 01 00 00 01 00 01 00 01 01 00 01 00 
01 00 00 01 01 00 00 01 00 01 01 00 00 01 00 01 
01 00 00 01 01 00 00 01 00 01 01 00 00 01 01 00 
01 00 00 01 01 00 00 01 00 01 01 00 01 00 00 01 
01 00 00 01 01 00 00 01 00 01 01 00 01 00 01 00 
01 00 00 01 01 00 00 01 01 00 00 01 00 01 00 01 
01 00 00 01 01 00 00 01 01 00 00 01 00 01 01 00 
01 00 00 01 01 00 00 01 01 00 00 01 01 00 00 01 
01 00 00 01 01 00 00 01 01 00 00 01 01 00 01 00 
01 00 00 01 01 00 00 01 01 00 01 00 00 01 00 01 
01 00 00 01 01 00 00 01 01 00 01 00 00 01 01 00 
01 00 00 01 01 00 00 01 01 00 01 00 01 00 00 01 
01 00 00 01 01 00 00 01 01 00 01 00 01 00 01 00 
01 00 00 01 01 00 01 00 00 01 00 01 00 01 00 01 
01 00 00 01 01 00 01 00 00 01 00 01 00 01 01 00 
01 00 00 01 01 00 01 00 00 01 00 01 01 00 00 01 
01 00 00 01 01 00 01 00 00 01 00 01 01 00 01 00 
01 00 00 01 01 00 01 00 00 01 01 00 00 01 00 01 
01 00 00 01 01 00 01 00 00 01 01 00 00 01 01 00 
01 00 00 01 01 00 01 00 00 01 01 00 01 00 00 01 
01 00 00 01 01 00 01 00 00 01 01 00 01 00 01 00 
01 00 00 01 01 00 01 00 01 00 00 01 00 01 00 01 
01 00 00 01 01 00 01 00 01 00 00 01 00 01 01 00 
01 00 00 01 01 00 01 00 01 00 00 01 01 00 00 01 
01 00 00 01 01 00 01 00 01 00 00 01 01 00 01 00 
01 00 00 01 01 00 01 00 01 00 01 00 00 01 00 01 
01 00 00 01 01 00 01 00 01 00 01 00 00 01 01 00 
01 00 00 01 01 00 01 00 01 00 01 00 01 00 00 01 
01 00 00 01 01 00 01 00 01 00 01 00 01 00 01 00 
01 00 01 00 00 01 00 01 00 01 00 01 00 01 00 01 
01 00 01 00 00 01 00 01 00 01 00 01 00 01 01 00 
01 00 01 00 00 01 00 01 00 01 00 01 01 00 00 01 
01 00 01 00 00 01 00 01 00 01 00 01 01 00 01 00 
01 00 01 00 00 01 00 01 00 01 01 00 00 01 00 01 
01 00 01 00 00 01 00 01 00 01 01 00 00 01 01 00 
01 00 01 00 00 01 00 01 00 01 01 00 01 00 00 01 
01 00 01 00 00 01 00 01 00 01 01 00 01 00 01 00 
01 00 01 00 00 01 00 01 01 00 00 01 00 01 00 01 
01 00 01 00 00 01 00 01 01 00 00 01 00 01 01 00 
01 00 01 00 00 01 00 01 01 00 00 01 01 00 00 01 
01 00 01 00 00 01 00 01 01 00 00 01 01 00 01 00 
01 00 01 00 00 01 00 01 01 00 01 00 00 01 00 01 
01 00 01 00 00 01 00 01 01 00 01 00 00 01 01 00 
01 00 01 00 00 01 00 01 01 00 01 00 01 00 00 01 
01 00 01 00 00 01 00 01 01 00 01 00 01 00 01 00 
01 00 01 00 00 01 01 00 00 01 00 01 00 01 00 01 
01 00 01 00 00 01 01 00 00 01 00 01 00 01 01 00 
01 00 01 00 00 01 01 00 00 01 00 01 01 00 00 01 
01 00 01 00 00 01 01 00 00 01 00 01 01 00 01 00 
01 00 01 00 00 01 01 00 00 01 01 00 00 01 00 01 
01 00 01 00 00 01 01 00 00 01 01 00 00 01 01 00 
01 00 01 00 00 01 01 00 00 01 01 00 01 00 00 01 
01 00 01 00 00 01 01 00 00 01 01 00 01 00 01 00 
01 00 01 00 00 01 01 00 01 00 00 01 00 01 00 01 
01 00 01 00 00 01 01 00 01 00 00 01 00 01 01 00 
01 00 01 00 00 01 01 00 01 00 00 01 01 00 00 01 
01 00 01 00 00 01 01 00 01 00 00 01 01 00 01 00 
01 00 01 00 00 01 01 00 01 00 01 00 00 01 00 01 
01 00 01 00 00 01 01 00 01 00 01 00 00 01 01 00 
01 00 01 00 00 01 01 00 01 00 01 00 01 00 00 01 
01 00 01 00 00 01 01 00 01 00 01 00 01 00 01 00 
01 00 01 00 01 00 00 01 00 01 00 01 00 01 00 01 
01 00 01 00 01 00 00 01 00 01 00 01 00 01 01 00 
01 00 01 00 01 00 00 01 00 01 00 01 01 00 00 01 
01 00 01 00 01 00 00 01 00 01 00 01 01 00 01 00 
01 00 01 00 01 00 00 01 00 01 01 00 00 01 00 01 
01 00 01 00 01 00 00 01 00 01 01 00 00 01 01 00 
01 00 01 00 01 00 00 01 00 01 01 00 01 00 00 01 
01 00 01 00 01 00 00 01 00 01 01 00 01 00 01 00 
01 00 01 00 01 00 00 01 01 00 00 01 00 01 00 01 
01 00 01 00 01 00 00 01 01 00 00 01 00 01 01 00 
01 00 01 00 01 00 00 01 01 00 00 01 01 00 00 01 
01 00 01 00 01 00 00 01 01 00 00 01 01 00 01 00 
01 00 01 00 01 00 00 01 01 00 01 00 00 01 00 01 
01 00 01 00 01 00 00 01 01 00 01 00 00 01 01 00 
01 00 01 00 01 00 00 01 01 00 01 00 01 00 00 01 
01 00 01 00 01 00 00 01 01 00 01 00 01 00 01 00 
01 00 01 00 01 00 01 00 00 01 00 01 00 01 00 01 
01 00 01 00 01 00 01 00 00 01 00 01 00 01 01 00 
01 00 01 00 01 00 01 00 00 01 00 01 01 00 00 01 
01 00 01 00 01 00 01 00 00 01 00 01 01 00 01 00 
01 00 01 00 01 00 01 00 00 01 01 00 00 01 00 01 
01 00 01 00 01 00 01 00 00 01 01 00 00 01 01 00 
01 00 01 00 01 00 01 00 00 01 01 00 01 00 00 01 
01 00 01 00 01 00 01 00 00 01 01 00 01 00 01 00 
01 00 01 00 01 00 01 00 01 00 00 01 00 01 00 01 
01 00 01 00 01 00 01 00 01 00 00 01 00 01 01 00 
01 00 01 00 01 00 01 00 01 00 00 01 01 00 00 01 
01 00 01 00 01 00 01 00 01 00 00 01 01 00 01 00 
01 00 01 00 01 00 01 00 01 00 01 00 00 01 00 01 
01 00 01 00 01 00 01 00 01 00 01 00 00 01 01 00 
01 00 01 00 01 00 01 00 01 00 01 00 01 00 00 01 
01 00 01 00 01 00 01 00 01 00 01 00 01 00 01 00 
B2 40 80 5A 20 01 F2 40 20 00 53 00 F2 40 F8 00 
22 00 F2 43 2A 00 B2 D0 00 01 60 01 B2 D0 00 01 
80 01 B2 F0 EF FF 80 01 5F 42 20 00 3F E0 07 00 
3F F0 07 00 82 4F 06 02 92 93 06 02 0F 24 A2 93 
06 02 08 24 A2 92 06 02 09 20 B2 40 38 04 72 01 
08 3C 03 43 B2 40 1C 02 72 01 03 3C B2 40 68 01 
72 01 B2 40 96 00 92 01 B2 40 4B 00 94 01 B2 40 
4B 00 96 01 B2 D0 60 00 84 01 B2 D0 C0 00 86 01 
F2 D0 14 00 2E 00 F2 D0 07 00 24 00 F2 D0 07 00 
25 00 F2 D0 40 00 22 00 F2 F0 BF 00 21 00 B2 D0 
10 00 62 01 B2 D0 10 00 60 01 32 D0 D8 00 03 43 
0C 43 30 41 0A 12 09 12 08 12 0A 4C 78 4A 09 43 
11 3C 0E 4D 0E 8B 1E 83 1D 53 FD 4E FF FF 1F 83 
FB 23 03 3C 1D 53 FD 4A FF FF 12 C3 08 10 19 53 
39 92 EC 37 18 B3 F6 23 7B 4A 7F 4A 0C 4B B0 12 
9E D2 0B 4C 0C 4F B0 12 28 D2 3C F0 0F 00 0B DC 
3F F0 0F 00 3F 50 03 00 3F 90 12 00 0C 20 7E 4A 
3E B0 80 00 07 24 7C 4A 4C 4C B0 12 98 D2 3E F0 
7F 00 0E DC 0F 5E 3B 90 FF 0F CB 23 30 40 EE D2 
0F 12 F2 D0 40 00 21 00 B2 90 00 10 00 02 1E 2C 
1F 42 00 02 5F 4F 00 C0 0F 93 0C 24 1F 83 13 20 
B2 F0 EF FF 80 01 F2 F0 EB 00 2E 00 F2 F0 EB 00 
29 00 09 3C F2 F0 EB 00 29 00 B2 D0 10 00 80 01 
F2 D0 14 00 2E 00 92 53 00 02 09 3C B2 F0 EF FF 
80 01 F2 F0 EB 00 2E 00 F2 F0 EB 00 29 00 F2 F0 
BF 00 21 00 3F 41 00 13 0F 12 0D 12 3D 40 0E 00 
1D 83 FE 23 3D 41 03 43 5F 42 20 00 3F E0 07 00 
3F F0 07 00 82 4F 06 02 92 93 06 02 0F 24 A2 93 
06 02 08 24 A2 92 06 02 0C 20 B2 40 38 04 72 01 
08 3C 03 43 B2 40 1C 02 72 01 03 3C B2 40 68 01 
72 01 82 43 00 02 C2 43 23 00 3F 41 00 13 3D F0 
0F 00 3D E0 0F 00 0D 5D 0D 5D 00 5D 12 C3 0C 10 
12 C3 0C 10 12 C3 0C 10 12 C3 0C 10 12 C3 0C 10 
12 C3 0C 10 12 C3 0C 10 12 C3 0C 10 12 C3 0C 10 
12 C3 0C 10 12 C3 0C 10 12 C3 0C 10 12 C3 0C 10 
12 C3 0C 10 12 C3 0C 10 30 41 0A 12 09 12 3F 40 
14 D3 3F 90 18 D3 16 24 3F 40 18 D3 3F 90 1C D3 
11 24 3A 40 1C D3 3A 80 18 D3 0A 11 0A 11 39 40 
18 D3 3C 49 7F 4C 0F 5F 1F 4F 14 D3 3D 49 8F 12 
1A 83 F7 23 B0 12 08 D3 30 40 F0 D2 3D F0 0F 00 
3D E0 0F 00 0D 5D 00 5D 0C 5C 0C 5C 0C 5C 0C 5C 
0C 5C 0C 5C 0C 5C 0C 5C 0C 5C 0C 5C 0C 5C 0C 5C 
0C 5C 0C 5C 0C 5C 30 41 31 40 00 04 B0 12 04 D3 
0C 93 02 24 B0 12 3A D2 0C 43 B0 12 00 D0 1C 43 
B0 12 FE D2 0F 4C 0C 4D 3D 40 03 00 0D 5F 1E 4F 
01 00 30 40 D6 D2 0E 93 05 24 1C 53 FC 4D FF FF 
1E 83 FB 23 30 41 34 41 35 41 36 41 37 41 38 41 
39 41 3A 41 30 41 32 D0 10 00 FD 3F 03 43 03 43 
FF 3F 03 43 1C 43 30 41 30 41 00 0D 00 00 02 01 
00 FF F0 00 B4 D0 C4 D2 0A D3 00 02 
@ffde
FF FF F6 D2 
@ffe4
98 D1 F6 D2 
@ffea
F6 D2 F6 D2 F6 D2 F6 D2 30 D1 F6 D2 F6 D2 F6 D2 
F6 D2 F6 D2 A8 D2 
q
